1.74182
1.74295
1.7448
1.7473
1.74955
1.75179
1.75352
1.75489
1.75504
1.75521
1.75527
1.75518
1.75536
1.75813
1.76091
1.75929
1.75779
1.75684
1.7557
1.75425
1.75265
1.7513
1.75203
1.75273
1.75403
1.75475
1.75342
1.75244
1.75058
1.74531
1.74023
1.73479
1.72919
1.74014
1.75033
1.76029
1.76181
1.76269
1.76316
1.76366
1.76384
1.76395
1.76375
1.76298
1.76165
1.76047
1.75958
1.75847
1.75683
1.75541
1.75382
1.75211
1.75029
1.74891
1.74723
1.74615
1.74507
1.7441
1.74251
1.74145
1.74127
1.74218
1.74301
1.74308
1.74317
1.74349
1.74444
1.74495
1.7436
1.74224
1.74168
1.74124
1.7397
1.74045
1.74147
1.74258
1.74382
1.74534
1.74716
1.74837
1.74922
1.75004
1.75092
1.75194
1.7529
1.75357
1.75398
1.75431
1.75477
1.75525
1.75568
1.75467
1.75357
1.75232
1.7512
1.74973
1.74819
1.74695
1.74594
1.7454
1.74542
1.74572
1.74577
1.74595
1.74639
1.74702
1.74728
1.74765
1.74871
1.74942
1.74994
1.75033
1.75074
1.75132
1.75231
1.75316
1.75329
1.75262
1.75211
1.75233
1.75279
1.75294
1.75273
1.75248
1.75172
1.75069
1.75023
1.7497
1.74906
1.74854
1.74814
1.74715
1.74637
1.74614
1.74507
1.74403
1.74287
1.74218
1.74209
1.74148
1.74076
1.74019
1.73931
1.73791
1.73631
1.73468
1.7329
1.73112
1.72888
1.72899
1.72958
1.72978
1.72952
1.72914
1.72877
1.72824
1.72779
1.72762
1.72729
1.72614
1.7248
1.72295
1.72122
1.71935
1.71734
1.71543
1.71379
1.71265
1.71193
1.71093
1.70986
1.70876
1.70766
1.70619
1.7049
1.70369
1.70212
1.70088
1.69968
1.69808
1.69667
1.69535
1.69372
1.69206
1.69062
1.68912
1.68799
1.68697
1.68563
1.68408
1.68264
1.68117
1.67965
1.67862
1.67738
1.67584
1.67457
1.67304
1.67164
1.66869
1.66514
1.66191
1.65905
1.65602
1.6527
1.64911
1.64516
1.64062
1.63528
1.63237
1.62952
1.62659
1.62348
1.62082
1.61824
1.61604
1.61406
1.61249
1.61082
1.60843
1.60618
1.60397
1.60151
1.598
1.59443
1.59122
1.58769
1.58443
1.58064
1.57518
1.57025
1.56521
1.55996
1.55507
1.55044
1.5455
1.541
1.53627
1.53133
1.52324
1.51542
1.50751
1.49959
1.49176
1.48368
1.47566
1.46761
1.45937
1.45159
1.44866
1.44564
1.44274
1.43995
1.43692
1.43435
1.43186
1.42883
1.42603
1.42333
1.4206
1.41788
1.41517
1.41243
1.40987
1.40736
1.40453
1.40202
1.39955
1.39704
1.39721
1.39768
1.3981
1.39839
1.39907
1.39955
1.39973
1.40008
1.40054
1.40051
1.40085
1.40129
1.40147
1.40193
1.40237
1.40259
1.40287
1.40179
1.40072
1.3999
1.39877
1.3971
1.74073
1.74134
1.74165
1.74182
1.74295
1.7448
1.74073
1.74134
1.74165
1.74182
1.74295
1.7448
1.74073
1.74134
1.74165
1.74182
1.74295
1.7448
1.74073
1.74134
1.74165
1.74182
1.74295
1.7448
1.74073
1.74134
1.74165
1.74182
1.74295
1.7448
1.74073
1.74134
1.74165
1.74182
1.74295
1.7448
1.74073
1.74134
1.74165
1.74182
1.74295
1.7448
1.74073
1.74134
1.74165
1.74182
1.74295
1.7448
1.74073
1.74134
1.74165
1.74182
1.74295
1.7448
1.74073
1.74134
1.74165
1.74182
1.74295
1.7448
1.74073
1.74134
1.74165
1.74182
1.74295
1.7448
1.74073
1.74134
1.74165
1.74182
1.74295
1.7448
1.74073
1.74134
1.74165
1.74182
1.74295
1.7448
1.74073
1.74134
1.74165
1.74182
1.74295
1.7448
1.74073
1.74134
1.74165
1.74182
1.74295
1.7448
1.74073
1.74134
1.74165
1.74182
1.74295
1.7448
1.74073
1.74134
1.74165
1.74182
1.74295
1.7448
1.74073
1.74134
1.74165
1.74182
1.74295
1.7448
1.7473
1.74955
1.75179
1.75352
1.75489
1.75504
1.75521
1.75527
1.75518
1.75536
1.75813
1.76091
1.75929
1.75779
1.75684
1.7557
1.75425
1.75265
1.7513
1.75203
1.75273
1.75403
1.75475
1.75342
1.75244
1.75058
1.74531
1.74023
1.73479
1.72919
1.74014
1.75033
1.76029
1.76181
1.76269
1.76316
1.76366
1.76384
1.76395
1.76375
1.76298
1.76165
1.76047
1.75958
1.75847
1.75683
1.75541
1.75382
1.75211
1.75029
1.74891
1.74723
1.74615
1.74507
1.7441
1.74251
1.74145
1.74127
1.74218
1.74301
1.74308
1.74317
1.74349
1.74444
1.74495
1.7436
1.74224
1.74168
1.74124
1.7397
1.74045
1.74147
1.74258
1.74382
1.74534
1.74716
1.74837
1.74922
1.75004
1.75092
1.75194
1.7529
1.75357
1.75398
1.75431
1.75477
1.75525
1.75568
1.75467
1.75357
1.75232
1.7512
1.74973
1.74819
1.74695
1.74594
1.7454
1.74542
1.74572
1.74577
1.74595
1.74639
1.74702
1.74728
1.74765
1.74871
1.74942
1.74994
1.75033
1.75074
1.75132
1.75231
1.75316
1.75329
1.75262
1.75211
1.75233
1.75279
1.75294
1.75273
1.75248
1.75172
1.75069
1.75023
1.7497
1.74906
1.74854
1.74814
1.74715
1.74637
1.74614
1.74507
1.74403
1.74287
1.74218
1.74209
1.74148
1.74076
1.74019
1.73931
1.73791
1.73631
1.73468
1.7329
1.73112
1.72888
1.72899
1.72958
1.72978
1.72952
1.72914
1.72877
1.72824
1.72779
1.72762
1.72729
1.72614
1.7248
1.72295
1.72122
1.71935
1.71734
1.71543
1.71379
1.71265
1.71193
1.71093
1.70986
1.70876
1.70766
1.70619
1.7049
1.70369
1.70212
1.70088
1.69968
1.69808
1.69667
1.69535
1.69372
1.69206
1.69062
1.68912
1.68799
1.68697
1.68563
1.68408
1.68264
1.68117
1.67965
1.67862
1.67738
1.67584
1.67457
1.67304
1.67164
1.66869
1.66514
1.66191
1.65905
1.65602
1.6527
1.64911
1.64516
1.64062
1.63528
1.63237
1.62952
1.62659
1.62348
1.62082
1.61824
1.61604
1.61406
1.61249
1.61082
1.60843
1.60618
1.60397
1.60151
1.598
1.59443
1.59122
1.58769
1.58443
1.58064
1.57518
1.57025
1.56521
1.55996
1.55507
1.55044
1.5455
1.541
1.53627
1.53133
1.52324
1.51542
1.50751
1.49959
1.49176
1.48368
1.47566
1.46761
1.45937
1.45159
1.44866
1.44564
1.44274
1.43995
1.43692
1.43435
1.43186
1.42883
1.42603
1.42333
1.4206
1.41788
1.41517
1.41243
1.40987
1.40736
1.40453
1.40202
1.39955
1.39704
1.39721
1.39768
1.3981
1.39839
1.39907
1.39955
1.39973
1.40008
1.40054
1.40051
1.40085
1.40129
1.40147
1.40193
1.40237
1.40259
1.40287
1.40179
1.40072
1.3999
1.39877
1.3971
1.74073
1.74134
1.74165
1.74182
1.74295
1.7448
1.7473
1.74955
1.75179
1.75352
1.75489
1.75504
1.75521
1.75527
1.75518
1.75536
1.75813
1.76091
1.75929
1.75779
1.75684
1.7557
1.75425
1.75265
1.7513
1.75203
1.75273
1.75403
1.75475
1.75342
1.75244
1.75058
1.74531
1.74023
1.73479
1.72919
1.74014
1.75033
1.76029
1.76181
1.76269
1.76316
1.76366
1.76384
1.76395
1.76375
1.76298
1.76165
1.76047
1.75958
1.75847
1.75683
1.75541
1.75382
1.75211
1.75029
1.74891
1.74723
1.74615
1.74507
1.7441
1.74251
1.74145
1.74127
1.74218
1.74301
1.74308
1.74317
1.74349
1.74444
1.74495
1.7436
1.74224
1.74168
1.74124
1.7397
1.74045
1.74147
1.74258
1.74382
1.74534
1.74716
1.74837
1.74922
1.75004
1.75092
1.75194
1.7529
1.75357
1.75398
1.75431
1.75477
1.75525
1.75568
1.75467
1.75357
1.75232
1.7512
1.74973
1.74819
1.74695
1.74594
1.7454
1.74542
1.74572
1.74577
1.74595
1.74639
1.74702
1.74728
1.74765
1.74871
1.74942
1.74994
1.75033
1.75074
1.75132
1.75231
1.75316
1.75329
1.75262
1.75211
1.75233
1.75279
1.75294
1.75273
1.75248
1.75172
1.75069
1.75023
1.7497
1.74906
1.74854
1.74814
1.74715
1.74637
1.74614
1.74507
1.74403
1.74287
1.74218
1.74209
1.74148
1.74076
1.74019
1.73931
1.73791
1.73631
1.73468
1.7329
1.73112
1.72888
1.72899
1.72958
1.72978
1.72952
1.72914
1.72877
1.72824
1.72779
1.72762
1.72729
1.72614
1.7248
1.72295
1.72122
1.71935
1.71734
1.71543
1.71379
1.71265
1.71193
1.71093
1.70986
1.70876
1.70766
1.70619
1.7049
1.70369
1.70212
1.70088
1.69968
1.69808
1.69667
1.69535
1.69372
1.69206
1.69062
1.68912
1.68799
1.68697
1.68563
1.68408
1.68264
1.68117
1.67965
1.67862
1.67738
1.67584
1.67457
1.67304
1.67164
1.66869
1.66514
1.66191
1.65905
1.65602
1.6527
1.64911
1.64516
1.64062
1.63528
1.63237
1.62952
1.62659
1.62348
1.62082
1.61824
1.61604
1.61406
1.61249
1.61082
1.60843
1.60618
1.60397
1.60151
1.598
1.59443
1.59122
1.58769
1.58443
1.58064
1.57518
1.57025
1.56521
1.55996
1.55507
1.55044
1.5455
1.541
1.53627
1.53133
1.52324
1.51542
1.50751
1.49959
1.49176
1.48368
1.47566
1.46761
1.45937
1.45159
1.44866
1.44564
1.44274
1.43995
1.43692
1.43435
1.43186
1.42883
1.42603
1.42333
1.4206
1.41788
1.41517
1.41243
1.40987
1.40736
1.40453
1.40202
1.39955
1.39704
1.39721
1.39768
1.3981
1.39839
1.39907
1.39955
1.39973
1.40008
1.40054
1.40051
1.40085
1.40129
1.40147
1.40193
1.40237
1.40259
1.40287
1.40179
1.40072
1.3999
1.39877
1.3971
1.74073
1.74134
1.74165
1.74182
1.74295
1.7448
1.7473
1.74955
1.75179
1.75352
1.75489
1.75504
1.75521
1.75527
1.75518
1.75536
1.75813
1.76091
1.75929
1.75779
1.75684
1.7557
1.75425
1.75265
1.7513
1.75203
1.75273
1.75403
1.75475
1.75342
1.75244
1.75058
1.74531
1.74023
1.73479
1.72919
1.74014
1.75033
1.76029
1.76181
1.76269
1.76316
1.76366
1.76384
1.76395
1.76375
1.76298
1.76165
1.76047
1.75958
1.75847
1.75683
1.75541
1.75382
1.75211
1.75029
1.74891
1.74723
1.74615
1.74507
1.7441
1.74251
1.74145
1.74127
1.74218
1.74301
1.74308
1.74317
1.74349
1.74444
1.74495
1.7436
1.74224
1.74168
1.74124
1.7397
1.74045
1.74147
1.74258
1.74382
1.74534
1.74716
1.74837
1.74922
1.75004
1.75092
1.75194
1.7529
1.75357
1.75398
1.75431
1.75477
1.75525
1.75568
1.75467
1.75357
1.75232
1.7512
1.74973
1.74819
1.74695
1.74594
1.7454
1.74542
1.74572
1.74577
1.74595
1.74639
1.74702
1.74728
1.74765
1.74871
1.74942
1.74994
1.75033
1.75074
1.75132
1.75231
1.75316
1.75329
1.75262
1.75211
1.75233
1.75279
1.75294
1.75273
1.75248
1.75172
1.75069
1.75023
1.7497
1.74906
1.74854
1.74814
1.74715
1.74637
1.74614
1.74507
1.74403
1.74287
1.74218
1.74209
1.74148
1.74076
1.74019
1.73931
1.73791
1.73631
1.73468
1.7329
1.73112
1.72888
1.72899
1.72958
1.72978
1.72952
1.72914
1.72877
1.72824
1.72779
1.72762
1.72729
1.72614
1.7248
1.72295
1.72122
1.71935
1.71734
1.71543
1.71379
1.71265
1.71193
1.71093
1.70986
1.70876
1.70766
1.70619
1.7049
1.70369
1.70212
1.70088
1.69968
1.69808
1.69667
1.69535
1.69372
1.69206
1.69062
1.68912
1.68799
1.68697
1.68563
1.68408
1.68264
1.68117
1.67965
1.67862
1.67738
1.67584
1.67457
1.67304
1.67164
1.66869
1.66514
1.66191
1.65905
1.65602
1.6527
1.64911
1.64516
1.64062
1.63528
1.63237
1.62952
1.62659
1.62348
1.62082
1.61824
1.61604
1.61406
1.61249
1.61082
1.60843
1.60618
1.60397
1.60151
1.598
1.59443
1.59122
1.58769
1.58443
1.58064
1.57518
1.57025
1.56521
1.55996
1.55507
1.55044
1.5455
1.541
1.53627
1.53133
1.52324
1.51542
1.50751
1.49959
1.49176
1.48368
1.47566
1.46761
1.45937
1.45159
1.44866
1.44564
1.44274
1.43995
1.43692
1.43435
1.43186
1.42883
1.42603
1.42333
1.4206
1.41788
1.41517
1.41243
1.40987
1.40736
1.40453
1.40202
1.39955
1.39704
1.39721
1.39768
1.3981
1.39839
1.39907
1.39955
1.39973
1.40008
1.40054
1.40051
1.40085
1.40129
1.40147
1.40193
1.40237
1.40259
1.40287
1.40179
1.40072
1.3999
1.39877
1.3971
1.74073
1.74134
1.74165
1.74182
1.74295
1.7448
1.7473
1.74955
1.75179
1.75352
1.75489
1.75504
1.75521
1.75527
1.75518
1.75536
1.75813
1.76091
1.75929
1.75779
1.75684
1.7557
1.75425
1.75265
1.7513
1.75203
1.75273
1.75403
1.75475
1.75342
1.75244
1.75058
1.74531
1.74023
1.73479
1.72919
1.74014
1.75033
1.76029
1.76181
1.76269
1.76316
1.76366
1.76384
1.76395
1.76375
1.76298
1.76165
1.76047
1.75958
1.75847
1.75683
1.75541
1.75382
1.75211
1.75029
1.74891
1.74723
1.74615
1.74507
1.7441
1.74251
1.74145
1.74127
1.74218
1.74301
1.74308
1.74317
1.74349
1.74444
1.74495
1.7436
1.74224
1.74168
1.74124
1.7397
1.74045
1.74147
1.74258
1.74382
1.74534
1.74716
1.74837
1.74922
1.75004
1.75092
1.75194
1.7529
1.75357
1.75398
1.75431
1.75477
1.75525
1.75568
1.75467
1.75357
1.75232
1.7512
1.74973
1.74819
1.74695
1.74594
1.7454
1.74542
1.74572
1.74577
1.74595
1.74639
1.74702
1.74728
1.74765
1.74871
1.74942
1.74994
1.75033
1.75074
1.75132
1.75231
1.75316
1.75329
1.75262
1.75211
1.75233
1.75279
1.75294
1.75273
1.75248
1.75172
1.75069
1.75023
1.7497
1.74906
1.74854
1.74814
1.74715
1.74637
1.74614
1.74507
1.74403
1.74287
1.74218
1.74209
1.74148
1.74076
1.74019
1.73931
1.73791
1.73631
1.73468
1.7329
1.73112
1.72888
1.72899
1.72958
1.72978
1.72952
1.72914
1.72877
1.72824
1.72779
1.72762
1.72729
1.72614
1.7248
1.72295
1.72122
1.71935
1.71734
1.71543
1.71379
1.71265
1.71193
1.71093
1.70986
1.70876
1.70766
1.70619
1.7049
1.70369
1.70212
1.70088
1.69968
1.69808
1.69667
1.69535
1.69372
1.69206
1.69062
1.68912
1.68799
1.68697
1.68563
1.68408
1.68264
1.68117
1.67965
1.67862
1.67738
1.67584
1.67457
1.67304
1.67164
1.66869
1.66514
1.66191
1.65905
1.65602
1.6527
1.64911
1.64516
1.64062
1.63528
1.63237
1.62952
1.62659
1.62348
1.62082
1.61824
1.61604
1.61406
1.61249
1.61082
1.60843
1.60618
1.60397
1.60151
1.598
1.59443
1.59122
1.58769
1.58443
1.58064
1.57518
1.57025
1.56521
1.55996
1.55507
1.55044
1.5455
1.541
1.53627
1.53133
1.52324
1.51542
1.50751
1.49959
1.49176
1.48368
1.47566
1.46761
1.45937
1.45159
1.44866
1.44564
1.44274
1.43995
1.43692
1.43435
1.43186
1.42883
1.42603
1.42333
1.4206
1.41788
1.41517
1.41243
1.40987
1.40736
1.40453
1.40202
1.39955
1.39704
1.39721
1.39768
1.3981
1.39839
1.39907
1.39955
1.39973
1.40008
1.40054
1.40051
1.40085
1.40129
1.40147
1.40193
1.40237
1.40259
1.40287
1.40179
1.40072
1.3999
1.39877
1.3971
1.74073
1.74134
1.74165
1.74182
1.74295
1.7448
1.7473
1.74955
1.75179
1.75352
1.75489
1.75504
1.75521
1.75527
1.75518
1.75536
1.75813
1.76091
1.75929
1.75779
1.75684
1.7557
1.75425
1.75265
1.7513
1.75203
1.75273
1.75403
1.75475
1.75342
1.75244
1.75058
1.74531
1.74023
1.73479
1.72919
1.74014
1.75033
1.76029
1.76181
1.76269
1.76316
1.76366
1.76384
1.76395
1.76375
1.76298
1.76165
1.76047
1.75958
1.75847
1.75683
1.75541
1.75382
1.75211
1.75029
1.74891
1.74723
1.74615
1.74507
1.7441
1.74251
1.74145
1.74127
1.74218
1.74301
1.74308
1.74317
1.74349
1.74444
1.74495
1.7436
1.74224
1.74168
1.74124
1.7397
1.74045
1.74147
1.74258
1.74382
1.74534
1.74716
1.74837
1.74922
1.75004
1.75092
1.75194
1.7529
1.75357
1.75398
1.75431
1.75477
1.75525
1.75568
1.75467
1.75357
1.75232
1.7512
1.74973
1.74819
1.74695
1.74594
1.7454
1.74542
1.74572
1.74577
1.74595
1.74639
1.74702
1.74728
1.74765
1.74871
1.74942
1.74994
1.75033
1.75074
1.75132
1.75231
1.75316
1.75329
1.75262
1.75211
1.75233
1.75279
1.75294
1.75273
1.75248
1.75172
1.75069
1.75023
1.7497
1.74906
1.74854
1.74814
1.74715
1.74637
1.74614
1.74507
1.74403
1.74287
1.74218
1.74209
1.74148
1.74076
1.74019
1.73931
1.73791
1.73631
1.73468
1.7329
1.73112
1.72888
1.72899
1.72958
1.72978
1.72952
1.72914
1.72877
1.72824
1.72779
1.72762
1.72729
1.72614
1.7248
1.72295
1.72122
1.71935
1.71734
1.71543
1.71379
1.71265
1.71193
1.71093
1.70986
1.70876
1.70766
1.70619
1.7049
1.70369
1.70212
1.70088
1.69968
1.69808
1.69667
1.69535
1.69372
1.69206
1.69062
1.68912
1.68799
1.68697
1.68563
1.68408
1.68264
1.68117
1.67965
1.67862
1.67738
1.67584
1.67457
1.67304
1.67164
1.66869
1.66514
1.66191
1.65905
1.65602
1.6527
1.64911
1.64516
1.64062
1.63528
1.63237
1.62952
1.62659
1.62348
1.62082
1.61824
1.61604
1.61406
1.61249
1.61082
1.60843
1.60618
1.60397
1.60151
1.598
1.59443
1.59122
1.58769
1.58443
1.58064
1.57518
1.57025
1.56521
1.55996
1.55507
1.55044
1.5455
1.541
1.53627
1.53133
1.52324
1.51542
1.50751
1.49959
1.49176
1.48368
1.47566
1.46761
1.45937
1.45159
1.44866
1.44564
1.44274
1.43995
1.43692
1.43435
1.43186
1.42883
1.42603
1.42333
1.4206
1.41788
1.41517
1.41243
1.40987
1.40736
1.40453
1.40202
1.39955
1.39704
1.39721
1.39768
1.3981
1.39839
1.39907
1.39955
1.39973
1.40008
1.40054
1.40051
1.40085
1.40129
1.40147
1.40193
1.40237
1.40259
1.40287
1.40179
1.40072
1.3999
1.39877
1.3971
1.74073
1.74134
1.74165
1.74182
1.74295
1.7448
1.74073
1.74134
1.74165
1.74182
1.74295
1.7448
1.7473
1.74073
1.74134
1.74165
1.74182
1.74295
1.7448
1.7473
1.74073
1.74134
1.74165
1.74182
1.74295
1.7448
1.7473
1.74073
1.74134
1.74165
1.74182
1.74295
1.7448
1.7473
1.74073
1.74134
1.74165
1.74182
1.74295
1.7448
1.7473
1.74955
1.75179
1.75352
1.75489
1.74073
1.74134
1.74165
1.74182
1.74295
1.7448
1.7473
1.74955
1.75179
1.75352
1.75489
1.75504
1.75521
1.75527
1.75518
1.75536
1.75813
1.76091
1.75929
1.75779
1.75684
1.7557
1.75425
1.75265
1.7513
1.75203
1.75273
1.75403
1.75475
1.75342
1.75244
1.75058
1.74531
1.74023
1.73479
1.72919
1.74014
1.75033
1.76029
1.76181
1.76269
1.76316
1.76366
1.76384
1.76395
1.76375
1.76298
1.76165
1.76047
1.75958
1.75847
1.75683
1.75541
1.75382
1.75211
1.75029
1.74891
1.74723
1.74615
1.74507
1.7441
1.74251
1.74145
1.74127
1.74218
1.74301
1.74308
1.74317
1.74349
1.74444
1.74495
1.7436
1.74224
1.74168
1.74124
1.7397
1.74045
1.74147
1.74258
1.74382
1.74534
1.74716
1.74837
1.74922
1.75004
1.75092
1.75194
1.7529
1.75357
1.75398
1.75431
1.75477
1.75525
1.75568
1.75467
1.75357
1.75232
1.7512
1.74973
1.74819
1.74695
1.74594
1.7454
1.74542
1.74572
1.74577
1.74595
1.74639
1.74702
1.74728
1.74765
1.74871
1.74942
1.74994
1.75033
1.75074
1.75132
1.75231
1.75316
1.75329
1.75262
1.75211
1.75233
1.75279
1.75294
1.75273
1.75248
1.75172
1.75069
1.75023
1.7497
1.74906
1.74854
1.74814
1.74715
1.74637
1.74614
1.74507
1.74403
1.74287
1.74218
1.74209
1.74148
1.74076
1.74019
1.73931
1.73791
1.73631
1.73468
1.7329
1.73112
1.72888
1.72899
1.72958
1.72978
1.72952
1.72914
1.72877
1.72824
1.72779
1.72762
1.72729
1.72614
1.7248
1.72295
1.72122
1.71935
1.71734
1.71543
1.71379
1.71265
1.71193
1.71093
1.70986
1.70876
1.70766
1.70619
1.7049
1.70369
1.70212
1.70088
1.69968
1.69808
1.69667
1.69535
1.69372
1.69206
1.69062
1.68912
1.68799
1.68697
1.68563
1.68408
1.68264
1.68117
1.67965
1.67862
1.67738
1.67584
1.67457
1.67304
1.67164
1.66869
1.66514
1.66191
1.65905
1.65602
1.6527
1.64911
1.64516
1.64062
1.63528
1.63237
1.62952
1.62659
1.62348
1.62082
1.61824
1.61604
1.61406
1.61249
1.61082
1.60843
1.60618
1.60397
1.60151
1.598
1.59443
1.59122
1.58769
1.58443
1.58064
1.57518
1.57025
1.56521
1.55996
1.55507
1.55044
1.5455
1.541
1.53627
1.53133
1.52324
1.51542
1.50751
1.49959
1.49176
1.48368
1.47566
1.46761
1.45937
1.45159
1.44866
1.44564
1.44274
1.43995
1.43692
1.43435
1.43186
1.42883
1.42603
1.42333
1.4206
1.41788
1.41517
1.41243
1.40987
1.40736
1.40453
1.40202
1.39955
1.39704
1.39721
1.39768
1.3981
1.39839
1.39907
1.39955
1.39973
1.40008
1.40054
1.40051
1.40085
1.40129
1.40147
1.40193
1.40237
1.40259
1.40287
1.40179
1.40072
1.3999
1.39877
1.3971
1.74073
1.74134
1.74165
1.74182
1.74295
1.7448
1.7473
1.74955
1.75179
1.75352
1.75489
1.75504
1.75521
1.75527
1.75518
1.75536
1.75813
1.76091
1.75929
1.75779
1.75684
1.7557
1.75425
1.75265
1.7513
1.75203
1.75273
1.75403
1.75475
1.75342
1.75244
1.75058
1.74531
1.74023
1.73479
1.72919
1.74014
1.75033
1.76029
1.76181
1.76269
1.76316
1.76366
1.76384
1.76395
1.76375
1.76298
1.76165
1.76047
1.75958
1.75847
1.75683
1.75541
1.75382
1.75211
1.75029
1.74891
1.74723
1.74615
1.74507
1.7441
1.74251
1.74145
1.74127
1.74218
1.74301
1.74308
1.74317
1.74349
1.74444
1.74495
1.7436
1.74224
1.74168
1.74124
1.7397
1.74045
1.74147
1.74258
1.74382
1.74534
1.74716
1.74837
1.74922
1.75004
1.75092
1.75194
1.7529
1.75357
1.75398
1.75431
1.75477
1.75525
1.75568
1.75467
1.75357
1.75232
1.7512
1.74973
1.74819
1.74695
1.74594
1.7454
1.74542
1.74572
1.74577
1.74595
1.74639
1.74702
1.74728
1.74765
1.74871
1.74942
1.74994
1.75033
1.75074
1.75132
1.75231
1.75316
1.75329
1.75262
1.75211
1.75233
1.75279
1.75294
1.75273
1.75248
1.75172
1.75069
1.75023
1.7497
1.74906
1.74854
1.74814
1.74715
1.74637
1.74614
1.74507
1.74403
1.74287
1.74218
1.74209
1.74148
1.74076
1.74019
1.73931
1.73791
1.73631
1.73468
1.7329
1.73112
1.72888
1.72899
1.72958
1.72978
1.72952
1.72914
1.72877
1.72824
1.72779
1.72762
1.72729
1.72614
1.7248
1.72295
1.72122
1.71935
1.71734
1.71543
1.71379
1.71265
1.71193
1.71093
1.70986
1.70876
1.70766
1.70619
1.7049
1.70369
1.70212
1.70088
1.69968
1.69808
1.69667
1.69535
1.69372
1.69206
1.69062
1.68912
1.68799
1.68697
1.68563
1.68408
1.68264
1.68117
1.67965
1.67862
1.67738
1.67584
1.67457
1.67304
1.67164
1.66869
1.66514
1.66191
1.65905
1.65602
1.6527
1.64911
1.64516
1.64062
1.63528
1.63237
1.62952
1.62659
1.62348
1.62082
1.61824
1.61604
1.61406
1.61249
1.61082
1.60843
1.60618
1.60397
1.60151
1.598
1.59443
1.59122
1.58769
1.58443
1.58064
1.57518
1.57025
1.56521
1.55996
1.55507
1.55044
1.5455
1.541
1.53627
1.53133
1.52324
1.51542
1.50751
1.49959
1.49176
1.48368
1.47566
1.46761
1.45937
1.45159
1.44866
1.44564
1.44274
1.43995
1.43692
1.43435
1.43186
1.42883
1.42603
1.42333
1.4206
1.41788
1.41517
1.41243
1.40987
1.40736
1.40453
1.40202
1.39955
1.39704
1.39721
1.39768
1.3981
1.39839
1.39907
1.39955
1.39973
1.40008
1.40054
1.40051
1.40085
1.40129
1.40147
1.40193
1.40237
1.40259
1.40287
1.40179
1.40072
1.3999
1.39877
1.3971
1.74073
1.74134
1.74165
1.74182
1.74295
1.7448
1.7473
1.74955
1.75179
1.75352
1.75489
1.75504
1.75521
1.75527
1.75518
1.75536
1.75813
1.76091
1.75929
1.75779
1.75684
1.7557
1.75425
1.75265
1.7513
1.75203
1.75273
1.75403
1.75475
1.75342
1.75244
1.75058
1.74531
1.74023
1.73479
1.72919
1.74014
1.75033
1.76029
1.76181
1.76269
1.76316
1.76366
1.76384
1.76395
1.76375
1.76298
1.76165
1.76047
1.75958
1.75847
1.75683
1.75541
1.75382
1.75211
1.75029
1.74891
1.74723
1.74615
1.74507
1.7441
1.74251
1.74145
1.74127
1.74218
1.74301
1.74308
1.74317
1.74349
1.74444
1.74495
1.7436
1.74224
1.74168
1.74124
1.7397
1.74045
1.74147
1.74258
1.74382
1.74534
1.74716
1.74837
1.74922
1.75004
1.75092
1.75194
1.7529
1.75357
1.75398
1.75431
1.75477
1.75525
1.75568
1.75467
1.75357
1.75232
1.7512
1.74973
1.74819
1.74695
1.74594
1.7454
1.74542
1.74572
1.74577
1.74595
1.74639
1.74702
1.74728
1.74765
1.74871
1.74942
1.74994
1.75033
1.75074
1.75132
1.75231
1.75316
1.75329
1.75262
1.75211
1.75233
1.75279
1.75294
1.75273
1.75248
1.75172
1.75069
1.75023
1.7497
1.74906
1.74854
1.74814
1.74715
1.74637
1.74614
1.74507
1.74403
1.74287
1.74218
1.74209
1.74148
1.74076
1.74019
1.73931
1.73791
1.73631
1.73468
1.7329
1.73112
1.72888
1.72899
1.72958
1.72978
1.72952
1.72914
1.72877
1.72824
1.72779
1.72762
1.72729
1.72614
1.7248
1.72295
1.72122
1.71935
1.71734
1.71543
1.71379
1.71265
1.71193
1.71093
1.70986
1.70876
1.70766
1.70619
1.7049
1.70369
1.70212
1.70088
1.69968
1.69808
1.69667
1.69535
1.69372
1.69206
1.69062
1.68912
1.68799
1.68697
1.68563
1.68408
1.68264
1.68117
1.67965
1.67862
1.67738
1.67584
1.67457
1.67304
1.67164
1.66869
1.66514
1.66191
1.65905
1.65602
1.6527
1.64911
1.64516
1.64062
1.63528
1.63237
1.62952
1.62659
1.62348
1.62082
1.61824
1.61604
1.61406
1.61249
1.61082
1.60843
1.60618
1.60397
1.60151
1.598
1.59443
1.59122
1.58769
1.58443
1.58064
1.57518
1.57025
1.56521
1.55996
1.55507
1.55044
1.5455
1.541
1.53627
1.53133
1.52324
1.51542
1.50751
1.49959
1.49176
1.48368
1.47566
1.46761
1.45937
1.45159
1.44866
1.44564
1.44274
1.43995
1.43692
1.43435
1.43186
1.42883
1.42603
1.42333
1.4206
1.41788
1.41517
1.41243
1.40987
1.40736
1.40453
1.40202
1.39955
1.39704
1.39721
1.39768
1.3981
1.39839
1.39907
1.39955
1.39973
1.40008
1.40054
1.40051
1.40085
1.40129
1.40147
1.40193
1.40237
1.40259
1.40287
1.40179
1.40072
1.3999
1.39877
1.3971
1.74073
1.74134
1.74165
1.74182
1.74295
1.7448
1.7473
1.74955
1.75179
1.75352
1.75489
1.75504
1.75521
1.75527
1.75518
1.75536
1.75813
1.76091
1.75929
1.75779
1.75684
1.7557
1.75425
1.75265
1.7513
1.75203
1.75273
1.75403
1.75475
1.75342
1.75244
1.75058
1.74531
1.74023
1.73479
1.72919
1.74014
1.75033
1.76029
1.76181
1.76269
1.76316
1.76366
1.76384
1.76395
1.76375
1.76298
1.76165
1.76047
1.75958
1.75847
1.75683
1.75541
1.75382
1.75211
1.75029
1.74891
1.74723
1.74615
1.74507
1.7441
1.74251
1.74145
1.74127
1.74218
1.74301
1.74308
1.74317
1.74349
1.74444
1.74495
1.7436
1.74224
1.74168
1.74124
1.7397
1.74045
1.74147
1.74258
1.74382
1.74534
1.74716
1.74837
1.74922
1.75004
1.75092
1.75194
1.7529
1.75357
1.75398
1.75431
1.75477
1.75525
1.75568
1.75467
1.75357
1.75232
1.7512
1.74973
1.74819
1.74695
1.74594
1.7454
1.74542
1.74572
1.74577
1.74595
1.74639
1.74702
1.74728
1.74765
1.74871
1.74942
1.74994
1.75033
1.75074
1.75132
1.75231
1.75316
1.75329
1.75262
1.75211
1.75233
1.75279
1.75294
1.75273
1.75248
1.75172
1.75069
1.75023
1.7497
1.74906
1.74854
1.74814
1.74715
1.74637
1.74614
1.74507
1.74403
1.74287
1.74218
1.74209
1.74148
1.74076
1.74019
1.73931
1.73791
1.73631
1.73468
1.7329
1.73112
1.72888
1.72899
1.72958
1.72978
1.72952
1.72914
1.72877
1.72824
1.72779
1.72762
1.72729
1.72614
1.7248
1.72295
1.72122
1.71935
1.71734
1.71543
1.71379
1.71265
1.71193
1.71093
1.70986
1.70876
1.70766
1.70619
1.7049
1.70369
1.70212
1.70088
1.69968
1.69808
1.69667
1.69535
1.69372
1.69206
1.69062
1.68912
1.68799
1.68697
1.68563
1.68408
1.68264
1.68117
1.67965
1.67862
1.67738
1.67584
1.67457
1.67304
1.67164
1.66869
1.66514
1.66191
1.65905
1.65602
1.6527
1.64911
1.64516
1.64062
1.63528
1.63237
1.62952
1.62659
1.62348
1.62082
1.61824
1.61604
1.61406
1.61249
1.61082
1.60843
1.60618
1.60397
1.60151
1.598
1.59443
1.59122
1.58769
1.58443
1.58064
1.57518
1.57025
1.56521
1.55996
1.55507
1.55044
1.5455
1.541
1.53627
1.53133
1.52324
1.51542
1.50751
1.49959
1.49176
1.48368
1.47566
1.46761
1.45937
1.45159
1.44866
1.44564
1.44274
1.43995
1.43692
1.43435
1.43186
1.42883
1.42603
1.42333
1.4206
1.41788
1.41517
1.41243
1.40987
1.40736
1.40453
1.40202
1.39955
1.39704
1.39721
1.39768
1.3981
1.39839
1.39907
1.39955
1.39973
1.40008
1.40054
1.40051
1.40085
1.40129
1.40147
1.40193
1.40237
1.40259
1.40287
1.40179
1.40072
1.3999
1.39877
1.3971
1.74073
1.74134
1.74165
1.74182
1.74295
1.7448
1.7473
1.74955
1.75179
1.75352
1.75489
1.75504
1.75521
1.75527
1.75518
1.75536
1.75813
1.76091
1.75929
1.75779
1.75684
1.7557
1.75425
1.75265
1.7513
1.75203
1.75273
1.75403
1.75475
1.75342
1.75244
1.75058
1.74531
1.74023
1.73479
1.72919
1.74014
1.75033
1.76029
1.76181
1.76269
1.76316
1.76366
1.76384
1.76395
1.76375
1.76298
1.76165
1.76047
1.75958
1.75847
1.75683
1.75541
1.75382
1.75211
1.75029
1.74891
1.74723
1.74615
1.74507
1.7441
1.74251
1.74145
1.74127
1.74218
1.74301
1.74308
1.74317
1.74349
1.74444
1.74495
1.7436
1.74224
1.74168
1.74124
1.7397
1.74045
1.74147
1.74258
1.74382
1.74534
1.74716
1.74837
1.74922
1.75004
1.75092
1.75194
1.7529
1.75357
1.75398
1.75431
1.75477
1.75525
1.75568
1.75467
1.75357
1.75232
1.7512
1.74973
1.74819
1.74695
1.74594
1.7454
1.74542
1.74572
1.74577
1.74595
1.74639
1.74702
1.74728
1.74765
1.74871
1.74942
1.74994
1.75033
1.75074
1.75132
1.75231
1.75316
1.75329
1.75262
1.75211
1.75233
1.75279
1.75294
1.75273
1.75248
1.75172
1.75069
1.75023
1.7497
1.74906
1.74854
1.74814
1.74715
1.74637
1.74614
1.74507
1.74403
1.74287
1.74218
1.74209
1.74148
1.74076
1.74019
1.73931
1.73791
1.73631
1.73468
1.7329
1.73112
1.72888
1.72899
1.72958
1.72978
1.72952
1.72914
1.72877
1.72824
1.72779
1.72762
1.72729
1.72614
1.7248
1.72295
1.72122
1.71935
1.71734
1.71543
1.71379
1.71265
1.71193
1.71093
1.70986
1.70876
1.70766
1.70619
1.7049
1.70369
1.70212
1.70088
1.69968
1.69808
1.69667
1.69535
1.69372
1.69206
1.69062
1.68912
1.68799
1.68697
1.68563
1.68408
1.68264
1.68117
1.67965
1.67862
1.67738
1.67584
1.67457
1.67304
1.67164
1.66869
1.66514
1.66191
1.65905
1.65602
1.6527
1.64911
1.64516
1.64062
1.63528
1.63237
1.62952
1.62659
1.62348
1.62082
1.61824
1.61604
1.61406
1.61249
1.61082
1.60843
1.60618
1.60397
1.60151
1.598
1.59443
1.59122
1.58769
1.58443
1.58064
1.57518
1.57025
1.56521
1.55996
1.55507
1.55044
1.5455
1.541
1.53627
1.53133
1.52324
1.51542
1.50751
1.49959
1.49176
1.48368
1.47566
1.46761
1.45937
1.45159
1.44866
1.44564
1.44274
1.43995
1.43692
1.43435
1.43186
1.42883
1.42603
1.42333
1.4206
1.41788
1.41517
1.41243
1.40987
1.40736
1.40453
1.40202
1.39955
1.39704
1.39721
1.39768
1.3981
1.39839
1.39907
1.39955
1.39973
1.40008
1.40054
1.40051
1.40085
1.40129
1.40147
1.40193
1.40237
1.40259
1.40287
1.40179
1.40072
1.3999
1.39877
1.3971
1.74073
1.74134
1.74165
1.74182
1.74295
1.7448
1.7473
1.74955
1.75179
1.75352
1.75489
1.75504
1.75521
1.75527
1.75518
1.75536
1.75813
1.76091
1.75929
1.75779
1.75684
1.7557
1.75425
1.75265
1.7513
1.75203
1.75273
1.75403
1.75475
1.75342
1.75244
1.75058
1.74531
1.74023
1.73479
1.72919
1.74014
1.75033
1.76029
1.76181
1.76269
1.76316
1.76366
1.76384
1.76395
1.76375
1.76298
1.76165
1.76047
1.75958
1.75847
1.75683
1.75541
1.75382
1.75211
1.75029
1.74891
1.74723
1.74615
1.74507
1.7441
1.74251
1.74145
1.74127
1.74218
1.74301
1.74308
1.74317
1.74349
1.74444
1.74495
1.7436
1.74224
1.74168
1.74124
1.7397
1.74045
1.74147
1.74258
1.74382
1.74534
1.74716
1.74837
1.74922
1.75004
1.75092
1.75194
1.7529
1.75357
1.75398
1.75431
1.75477
1.75525
1.75568
1.75467
1.75357
1.75232
1.7512
1.74973
1.74819
1.74695
1.74594
1.7454
1.74542
1.74572
1.74577
1.74595
1.74639
1.74702
1.74728
1.74765
1.74871
1.74942
1.74994
1.75033
1.75074
1.75132
1.75231
1.75316
1.75329
1.75262
1.75211
1.75233
1.75279
1.75294
1.75273
1.75248
1.75172
1.75069
1.75023
1.7497
1.74906
1.74854
1.74814
1.74715
1.74637
1.74614
1.74507
1.74403
1.74287
1.74218
1.74209
1.74148
1.74076
1.74019
1.73931
1.73791
1.73631
1.73468
1.7329
1.73112
1.72888
1.72899
1.72958
1.72978
1.72952
1.72914
1.72877
1.72824
1.72779
1.72762
1.72729
1.72614
1.7248
1.72295
1.72122
1.71935
1.71734
1.71543
1.71379
1.71265
1.71193
1.71093
1.70986
1.70876
1.70766
1.70619
1.7049
1.70369
1.70212
1.70088
1.69968
1.69808
1.69667
1.69535
1.69372
1.69206
1.69062
1.68912
1.68799
1.68697
1.68563
1.68408
1.68264
1.68117
1.67965
1.67862
1.67738
1.67584
1.67457
1.67304
1.67164
1.66869
1.66514
1.66191
1.65905
1.65602
1.6527
1.64911
1.64516
1.64062
1.63528
1.63237
1.62952
1.62659
1.62348
1.62082
1.61824
1.61604
1.61406
1.61249
1.61082
1.60843
1.60618
1.60397
1.60151
1.598
1.59443
1.59122
1.58769
1.58443
1.58064
1.57518
1.57025
1.56521
1.55996
1.55507
1.55044
1.5455
1.541
1.53627
1.53133
1.52324
1.51542
1.50751
1.49959
1.49176
1.48368
1.47566
1.46761
1.45937
1.45159
1.44866
1.44564
1.44274
1.43995
1.43692
1.43435
1.43186
1.42883
1.42603
1.42333
1.4206
1.41788
1.41517
1.41243
1.40987
1.40736
1.40453
1.40202
1.39955
1.39704
1.39721
1.39768
1.3981
1.39839
1.39907
1.39955
1.39973
1.40008
1.40054
1.40051
1.40085
1.40129
1.40147
1.40193
1.40237
1.40259
1.40287
1.40179
1.40072
1.3999
1.39877
1.3971
1.74073
1.74134
1.74165
1.74182
1.74295
1.7448
1.7473
1.74955
1.75179
1.75352
1.75489
1.75504
1.75521
1.75527
1.75518
1.75536
1.75813
1.76091
1.75929
1.75779
1.75684
1.7557
1.75425
1.75265
1.7513
1.75203
1.75273
1.75403
1.75475
1.75342
1.75244
1.75058
1.74531
1.74023
1.73479
1.72919
1.74014
1.75033
1.76029
1.76181
1.76269
1.76316
1.76366
1.76384
1.76395
1.76375
1.76298
1.76165
1.76047
1.75958
1.75847
1.75683
1.75541
1.75382
1.75211
1.75029
1.74891
1.74723
1.74615
1.74507
1.7441
1.74251
1.74145
1.74127
1.74218
1.74301
1.74308
1.74317
1.74349
1.74444
1.74495
1.7436
1.74224
1.74168
1.74124
1.7397
1.74045
1.74147
1.74258
1.74382
1.74534
1.74716
1.74837
1.74922
1.75004
1.75092
1.75194
1.7529
1.75357
1.75398
1.75431
1.75477
1.75525
1.75568
1.75467
1.75357
1.75232
1.7512
1.74973
1.74819
1.74695
1.74594
1.7454
1.74542
1.74572
1.74577
1.74595
1.74639
1.74702
1.74728
1.74765
1.74871
1.74942
1.74994
1.75033
1.75074
1.75132
1.75231
1.75316
1.75329
1.75262
1.75211
1.75233
1.75279
1.75294
1.75273
1.75248
1.75172
1.75069
1.75023
1.7497
1.74906
1.74854
1.74814
1.74715
1.74637
1.74614
1.74507
1.74403
1.74287
1.74218
1.74209
1.74148
1.74076
1.74019
1.73931
1.73791
1.73631
1.73468
1.7329
1.73112
1.72888
1.72899
1.72958
1.72978
1.72952
1.72914
1.72877
1.72824
1.72779
1.72762
1.72729
1.72614
1.7248
1.72295
1.72122
1.71935
1.71734
1.71543
1.71379
1.71265
1.71193
1.71093
1.70986
1.70876
1.70766
1.70619
1.7049
1.70369
1.70212
1.70088
1.69968
1.69808
1.69667
1.69535
1.69372
1.69206
1.69062
1.68912
1.68799
1.68697
1.68563
1.68408
1.68264
1.68117
1.67965
1.67862
1.67738
1.67584
1.67457
1.67304
1.67164
1.66869
1.66514
1.66191
1.65905
1.65602
1.6527
1.64911
1.64516
1.64062
1.63528
1.63237
1.62952
1.62659
1.62348
1.62082
1.61824
1.61604
1.61406
1.61249
1.61082
1.60843
1.60618
1.60397
1.60151
1.598
1.59443
1.59122
1.58769
1.58443
1.58064
1.57518
1.57025
1.56521
1.55996
1.55507
1.55044
1.5455
1.541
1.53627
1.53133
1.52324
1.51542
1.50751
1.49959
1.49176
1.48368
1.47566
1.46761
1.45937
1.45159
1.44866
1.44564
1.44274
1.43995
1.43692
1.43435
1.43186
1.42883
1.42603
1.42333
1.4206
1.41788
1.41517
1.41243
1.40987
1.40736
1.40453
1.40202
1.39955
1.39704
1.39721
1.39768
1.3981
1.39839
1.39907
1.39955
1.39973
1.40008
1.40054
1.40051
1.40085
1.40129
1.40147
1.40193
1.40237
1.40259
1.40287
1.40179
1.40072
1.3999
1.39877
1.3971
1.74073
1.74134
1.74165
1.74182
1.74295
1.7448
1.7473
1.74955
1.75179
1.75352
1.75489
1.75504
1.75521
1.75527
1.75518
1.75536
1.75813
1.76091
1.75929
1.75779
1.75684
1.7557
1.75425
1.75265
1.7513
1.75203
1.75273
1.75403
1.75475
1.75342
1.75244
1.75058
1.74531
1.74023
1.73479
1.72919
1.74014
1.75033
1.76029
1.76181
1.76269
1.76316
1.76366
1.76384
1.76395
1.76375
1.76298
1.76165
1.76047
1.75958
1.75847
1.75683
1.75541
1.75382
1.75211
1.75029
1.74891
1.74723
1.74615
1.74507
1.7441
1.74251
1.74145
1.74127
1.74218
1.74301
1.74308
1.74317
1.74349
1.74444
1.74495
1.7436
1.74224
1.74168
1.74124
1.7397
1.74045
1.74147
1.74258
1.74382
1.74534
1.74716
1.74837
1.74922
1.75004
1.75092
1.75194
1.7529
1.75357
1.75398
1.75431
1.75477
1.75525
1.75568
1.75467
1.75357
1.75232
1.7512
1.74973
1.74819
1.74695
1.74594
1.7454
1.74542
1.74572
1.74577
1.74595
1.74639
1.74702
1.74728
1.74765
1.74871
1.74942
1.74994
1.75033
1.75074
1.75132
1.75231
1.75316
1.75329
1.75262
1.75211
1.75233
1.75279
1.75294
1.75273
1.75248
1.75172
1.75069
1.75023
1.7497
1.74906
1.74854
1.74814
1.74715
1.74637
1.74614
1.74507
1.74403
1.74287
1.74218
1.74209
1.74148
1.74076
1.74019
1.73931
1.73791
1.73631
1.73468
1.7329
1.73112
1.72888
1.72899
1.72958
1.72978
1.72952
1.72914
1.72877
1.72824
1.72779
1.72762
1.72729
1.72614
1.7248
1.72295
1.72122
1.71935
1.71734
1.71543
1.71379
1.71265
1.71193
1.71093
1.70986
1.70876
1.70766
1.70619
1.7049
1.70369
1.70212
1.70088
1.69968
1.69808
1.69667
1.69535
1.69372
1.69206
1.69062
1.68912
1.68799
1.68697
1.68563
1.68408
1.68264
1.68117
1.67965
1.67862
1.67738
1.67584
1.67457
1.67304
1.67164
1.66869
1.66514
1.66191
1.65905
1.65602
1.6527
1.64911
1.64516
1.64062
1.63528
1.63237
1.62952
1.62659
1.62348
1.62082
1.61824
1.61604
1.61406
1.61249
1.61082
1.60843
1.60618
1.60397
1.60151
1.598
1.59443
1.59122
1.58769
1.58443
1.58064
1.57518
1.57025
1.56521
1.55996
1.55507
1.55044
1.5455
1.541
1.53627
1.53133
1.52324
1.51542
1.50751
1.49959
1.49176
1.48368
1.47566
1.46761
1.45937
1.45159
1.44866
1.44564
1.44274
1.43995
1.43692
1.43435
1.43186
1.42883
1.42603
1.42333
1.4206
1.41788
1.41517
1.41243
1.40987
1.40736
1.40453
1.40202
1.39955
1.39704
1.39721
1.39768
1.3981
1.39839
1.39907
1.39955
1.39973
1.40008
1.40054
1.40051
1.40085
1.40129
1.40147
1.40193
1.40237
1.40259
1.40287
1.40179
1.40072
1.3999
1.39877
1.3971
1.74073
1.74134
1.74165
1.74182
1.74295
1.7448
1.7473
1.74955
1.75179
1.75352
1.75489
1.75504
1.75521
1.75527
1.75518
1.75536
1.75813
1.76091
1.75929
1.75779
1.75684
1.7557
1.75425
1.75265
1.7513
1.75203
1.75273
1.75403
1.75475
1.75342
1.75244
1.75058
1.74531
1.74023
1.73479
1.72919
1.74014
1.75033
1.76029
1.76181
1.76269
1.76316
1.76366
1.76384
1.76395
1.76375
1.76298
1.76165
1.76047
1.75958
1.75847
1.75683
1.75541
1.75382
1.75211
1.75029
1.74891
1.74723
1.74615
1.74507
1.7441
1.74251
1.74145
1.74127
1.74218
1.74301
1.74308
1.74317
1.74349
1.74444
1.74495
1.7436
1.74224
1.74168
1.74124
1.7397
1.74045
1.74147
1.74258
1.74382
1.74534
1.74716
1.74837
1.74922
1.75004
1.75092
1.75194
1.7529
1.75357
1.75398
1.75431
1.75477
1.75525
1.75568
1.75467
1.75357
1.75232
1.7512
1.74973
1.74819
1.74695
1.74594
1.7454
1.74542
1.74572
1.74577
1.74595
1.74639
1.74702
1.74728
1.74765
1.74871
1.74942
1.74994
1.75033
1.75074
1.75132
1.75231
1.75316
1.75329
1.75262
1.75211
1.75233
1.75279
1.75294
1.75273
1.75248
1.75172
1.75069
1.75023
1.7497
1.74906
1.74854
1.74814
1.74715
1.74637
1.74614
1.74507
1.74403
1.74287
1.74218
1.74209
1.74148
1.74076
1.74019
1.73931
1.73791
1.73631
1.73468
1.7329
1.73112
1.72888
1.72899
1.72958
1.72978
1.72952
1.72914
1.72877
1.72824
1.72779
1.72762
1.72729
1.72614
1.7248
1.72295
1.72122
1.71935
1.71734
1.71543
1.71379
1.71265
1.71193
1.71093
1.70986
1.70876
1.70766
1.70619
1.7049
1.70369
1.70212
1.70088
1.69968
1.69808
1.69667
1.69535
1.69372
1.69206
1.69062
1.68912
1.68799
1.68697
1.68563
1.68408
1.68264
1.68117
1.67965
1.67862
1.67738
1.67584
1.67457
1.67304
1.67164
1.66869
1.66514
1.66191
1.65905
1.65602
1.6527
1.64911
1.64516
1.64062
1.63528
1.63237
1.62952
1.62659
1.62348
1.62082
1.61824
1.61604
1.61406
1.61249
1.61082
1.60843
1.60618
1.60397
1.60151
1.598
1.59443
1.59122
1.58769
1.58443
1.58064
1.57518
1.57025
1.56521
1.55996
1.55507
1.55044
1.5455
1.541
1.53627
1.53133
1.52324
1.51542
1.50751
1.49959
1.49176
1.48368
1.47566
1.46761
1.45937
1.45159
1.44866
1.44564
1.44274
1.43995
1.43692
1.43435
1.43186
1.42883
1.42603
1.42333
1.4206
1.41788
1.41517
1.41243
1.40987
1.40736
1.40453
1.40202
1.39955
1.39704
1.39721
1.39768
1.3981
1.39839
1.39907
1.39955
1.39973
1.40008
1.40054
1.40051
1.40085
1.40129
1.40147
1.40193
1.40237
1.40259
1.40287
1.40179
1.40072
1.3999
1.39877
1.3971
1.74073
1.74134
1.74165
1.74182
1.74295
1.7448
1.7473
1.74955
1.75179
1.75352
1.75489
1.75504
1.75521
1.75527
1.75518
1.75536
1.75813
1.76091
1.75929
1.75779
1.75684
1.7557
1.75425
1.75265
1.7513
1.75203
1.75273
1.75403
1.75475
1.75342
1.75244
1.75058
1.74531
1.74023
1.73479
1.72919
1.74014
1.75033
1.76029
1.76181
1.76269
1.76316
1.76366
1.76384
1.76395
1.76375
1.76298
1.76165
1.76047
1.75958
1.75847
1.75683
1.75541
1.75382
1.75211
1.75029
1.74891
1.74723
1.74615
1.74507
1.7441
1.74251
1.74145
1.74127
1.74218
1.74301
1.74308
1.74317
1.74349
1.74444
1.74495
1.7436
1.74224
1.74168
1.74124
1.7397
1.74045
1.74147
1.74258
1.74382
1.74534
1.74716
1.74837
1.74922
1.75004
1.75092
1.75194
1.7529
1.75357
1.75398
1.75431
1.75477
1.75525
1.75568
1.75467
1.75357
1.75232
1.7512
1.74973
1.74819
1.74695
1.74594
1.7454
1.74542
1.74572
1.74577
1.74595
1.74639
1.74702
1.74728
1.74765
1.74871
1.74942
1.74994
1.75033
1.75074
1.75132
1.75231
1.75316
1.75329
1.75262
1.75211
1.75233
1.75279
1.75294
1.75273
1.75248
1.75172
1.75069
1.75023
1.7497
1.74906
1.74854
1.74814
1.74715
1.74637
1.74614
1.74507
1.74403
1.74287
1.74218
1.74209
1.74148
1.74076
1.74019
1.73931
1.73791
1.73631
1.73468
1.7329
1.73112
1.72888
1.72899
1.72958
1.72978
1.72952
1.72914
1.72877
1.72824
1.72779
1.72762
1.72729
1.72614
1.7248
1.72295
1.72122
1.71935
1.71734
1.71543
1.71379
1.71265
1.71193
1.71093
1.70986
1.70876
1.70766
1.70619
1.7049
1.70369
1.70212
1.70088
1.69968
1.69808
1.69667
1.69535
1.69372
1.69206
1.69062
1.68912
1.68799
1.68697
1.68563
1.68408
1.68264
1.68117
1.67965
1.67862
1.67738
1.67584
1.67457
1.67304
1.67164
1.66869
1.66514
1.66191
1.65905
1.65602
1.6527
1.64911
1.64516
1.64062
1.63528
1.63237
1.62952
1.62659
1.62348
1.62082
1.61824
1.61604
1.61406
1.61249
1.61082
1.60843
1.60618
1.60397
1.60151
1.598
1.59443
1.59122
1.58769
1.58443
1.58064
1.57518
1.57025
1.56521
1.55996
1.55507
1.55044
1.5455
1.541
1.53627
1.53133
1.52324
1.51542
1.50751
1.49959
1.49176
1.48368
1.47566
1.46761
1.45937
1.45159
1.44866
1.44564
1.44274
1.43995
1.43692
1.43435
1.43186
1.42883
1.42603
1.42333
1.4206
1.41788
1.41517
1.41243
1.40987
1.40736
1.40453
1.40202
1.39955
1.39704
1.39721
1.39768
1.3981
1.39839
1.39907
1.39955
1.39973
1.40008
1.40054
1.40051
1.40085
1.40129
1.40147
1.40193
1.40237
1.40259
1.40287
1.40179
1.40072
1.3999
1.39877
1.3971
1.74073
1.74134
1.74165
1.74182
1.74295
1.7448
1.7473
1.74955
1.75179
1.75352
1.75489
1.75504
1.75521
1.75527
1.75518
1.75536
1.75813
1.76091
1.75929
1.75779
1.75684
1.7557
1.75425
1.75265
1.7513
1.75203
1.75273
1.75403
1.75475
1.75342
1.75244
1.75058
1.74531
1.74023
1.73479
1.72919
1.74014
1.75033
1.76029
1.76181
1.76269
1.76316
1.76366
1.76384
1.76395
1.76375
1.76298
1.76165
1.76047
1.75958
1.75847
1.75683
1.75541
1.75382
1.75211
1.75029
1.74891
1.74723
1.74615
1.74507
1.7441
1.74251
1.74145
1.74127
1.74218
1.74301
1.74308
1.74317
1.74349
1.74444
1.74495
1.7436
1.74224
1.74168
1.74124
1.7397
1.74045
1.74147
1.74258
1.74382
1.74534
1.74716
1.74837
1.74922
1.75004
1.75092
1.75194
1.7529
1.75357
1.75398
1.75431
1.75477
1.75525
1.75568
1.75467
1.75357
1.75232
1.7512
1.74973
1.74819
1.74695
1.74594
1.7454
1.74542
1.74572
1.74577
1.74595
1.74639
1.74702
1.74728
1.74765
1.74871
1.74942
1.74994
1.75033
1.75074
1.75132
1.75231
1.75316
1.75329
1.75262
1.75211
1.75233
1.75279
1.75294
1.75273
1.75248
1.75172
1.75069
1.75023
1.7497
1.74906
1.74854
1.74814
1.74715
1.74637
1.74614
1.74507
1.74403
1.74287
1.74218
1.74209
1.74148
1.74076
1.74019
1.73931
1.73791
1.73631
1.73468
1.7329
1.73112
1.72888
1.72899
1.72958
1.72978
1.72952
1.72914
1.72877
1.72824
1.72779
1.72762
1.72729
1.72614
1.7248
1.72295
1.72122
1.71935
1.71734
1.71543
1.71379
1.71265
1.71193
1.71093
1.70986
1.70876
1.70766
1.70619
1.7049
1.70369
1.70212
1.70088
1.69968
1.69808
1.69667
1.69535
1.69372
1.69206
1.69062
1.68912
1.68799
1.68697
1.68563
1.68408
1.68264
1.68117
1.67965
1.67862
1.67738
1.67584
1.67457
1.67304
1.67164
1.66869
1.66514
1.66191
1.65905
1.65602
1.6527
1.64911
1.64516
1.64062
1.63528
1.63237
1.62952
1.62659
1.62348
1.62082
1.61824
1.61604
1.61406
1.61249
1.61082
1.60843
1.60618
1.60397
1.60151
1.598
1.59443
1.59122
1.58769
1.58443
1.58064
1.57518
1.57025
1.56521
1.55996
1.55507
1.55044
1.5455
1.541
1.53627
1.53133
1.52324
1.51542
1.50751
1.49959
1.49176
1.48368
1.47566
1.46761
1.45937
1.45159
1.44866
1.44564
1.44274
1.43995
1.43692
1.43435
1.43186
1.42883
1.42603
1.42333
1.4206
1.41788
1.41517
1.41243
1.40987
1.40736
1.40453
1.40202
1.39955
1.39704
1.39721
1.39768
1.3981
1.39839
1.39907
1.39955
1.39973
1.40008
1.40054
1.40051
1.40085
1.40129
1.40147
1.40193
1.40237
1.40259
1.40287
1.40179
1.40072
1.3999
1.39877
1.3971
1.74073
1.74134
1.74165
1.74182
1.74295
1.7448
1.7473
1.74955
1.75179
1.75352
1.75489
1.75504
1.75521
1.75527
1.75518
1.75536
1.75813
1.76091
1.75929
1.75779
1.75684
1.7557
1.75425
1.75265
1.7513
1.75203
1.75273
1.75403
1.75475
1.75342
1.75244
1.75058
1.74531
1.74023
1.73479
1.72919
1.74014
1.75033
1.76029
1.76181
1.76269
1.76316
1.76366
1.76384
1.76395
1.76375
1.76298
1.76165
1.76047
1.75958
1.75847
1.75683
1.75541
1.75382
1.75211
1.75029
1.74891
1.74723
1.74615
1.74507
1.7441
1.74251
1.74145
1.74127
1.74218
1.74301
1.74308
1.74317
1.74349
1.74444
1.74495
1.7436
1.74224
1.74168
1.74124
1.7397
1.74045
1.74147
1.74258
1.74382
1.74534
1.74716
1.74837
1.74922
1.75004
1.75092
1.75194
1.7529
1.75357
1.75398
1.75431
1.75477
1.75525
1.75568
1.75467
1.75357
1.75232
1.7512
1.74973
1.74819
1.74695
1.74594
1.7454
1.74542
1.74572
1.74577
1.74595
1.74639
1.74702
1.74728
1.74765
1.74871
1.74942
1.74994
1.75033
1.75074
1.75132
1.75231
1.75316
1.75329
1.75262
1.75211
1.75233
1.75279
1.75294
1.75273
1.75248
1.75172
1.75069
1.75023
1.7497
1.74906
1.74854
1.74814
1.74715
1.74637
1.74614
1.74507
1.74403
1.74287
1.74218
1.74209
1.74148
1.74076
1.74019
1.73931
1.73791
1.73631
1.73468
1.7329
1.73112
1.72888
1.72899
1.72958
1.72978
1.72952
1.72914
1.72877
1.72824
1.72779
1.72762
1.72729
1.72614
1.7248
1.72295
1.72122
1.71935
1.71734
1.71543
1.71379
1.71265
1.71193
1.71093
1.70986
1.70876
1.70766
1.70619
1.7049
1.70369
1.70212
1.70088
1.69968
1.69808
1.69667
1.69535
1.69372
1.69206
1.69062
1.68912
1.68799
1.68697
1.68563
1.68408
1.68264
1.68117
1.67965
1.67862
1.67738
1.67584
1.67457
1.67304
1.67164
1.66869
1.66514
1.66191
1.65905
1.65602
1.6527
1.64911
1.64516
1.64062
1.63528
1.63237
1.62952
1.62659
1.62348
1.62082
1.61824
1.61604
1.61406
1.61249
1.61082
1.60843
1.60618
1.60397
1.60151
1.598
1.59443
1.59122
1.58769
1.58443
1.58064
1.57518
1.57025
1.56521
1.55996
1.55507
1.55044
1.5455
1.541
1.53627
1.53133
1.52324
1.51542
1.50751
1.49959
1.49176
1.48368
1.47566
1.46761
1.45937
1.45159
1.44866
1.44564
1.44274
1.43995
1.43692
1.43435
1.43186
1.42883
1.42603
1.42333
1.4206
1.41788
1.41517
1.41243
1.40987
1.40736
1.40453
1.40202
1.39955
1.39704
1.39721
1.39768
1.3981
1.39839
1.39907
1.39955
1.39973
1.40008
1.40054
1.40051
1.40085
1.40129
1.40147
1.40193
1.40237
1.40259
1.40287
1.40179
1.40072
1.3999
1.39877
1.3971
